4294967279,118
4294967279,117
4294967279,116
4294967279,115
4294967279,114
4294967279,113
4294967279,112
4294967279,111
4294967278,10
4294967278,9
4294967278,8
4294967278,7
4294967278,6
4294967278,5
4294967278,4
4294967279,132
4294967279,131
4294967279,130
4294967279,129
4294967279,128
4294967279,127
4294967279,126
4294967279,125
4294967279,124
4294967279,123
4294967279,122
4294967279,121
4294967279,120
4294967279,119
4294967279,292
4294967279,164
4294967278,163
4294967279,163
4294967278,162
4294967279,162
4294967278,161
4294967279,161
4294967278,160
4294967278,50
4294967278,49
4294967278,48
4294967278,46
4294967278,45
4294967278,44
4294967278,43
4294967278,42
4294967278,41
4294967278,40
4294967278,39
4294967278,38
4294967278,37
4294967278,35
4294967278,34
4294967278,32
4294967278,31
4294967278,30
4294967278,29
4294967278,28
4294967278,27
4294967278,26
4294967278,25
4294967278,290
4294967278,24
4294967278,23
4294967278,22
4294967278,21
4294967278,20
4294967278,284
4294967278,19
4294967278,18
4294967278,17
4294967278,16
4294967278,15
4294967278,271
4294967278,14
4294967278,13
4294967278,12
4294967278,266
4294967278,11
4294967279,174
4294967279,59
4294967279,57
4294967279,56
4294967279,53
4294967279,52
4294967279,50
4294967279,49
4294967279,48
4294967279,46
4294967279,45
4294967279,43
4294967279,41
4294967279,38
4294967279,35
4294967279,33
4294967279,31
4294967279,29
4294967279,26
4294967279,22
4294967279,20
4294967279,19
4294967279,18
4294967279,15
4294967279,11
4294967278,47
4294967278,299
4294967279,544
4294967278,158
4294967279,158
4294967278,157
4294967279,157
4294967278,156
4294967279,155
4294967278,155
4294967279,154
4294967278,154
4294967279,153
4294967278,153
4294967279,152
4294967278,152
4294967279,151
4294967278,151
4294967279,150
4294967278,150
4294967279,149
4294967278,149
4294967279,148
4294967278,358
4294967278,36
4294967278,147
4294967279,146
4294967279,288
4294967278,357
4294967278,33
4294967279,144
4294967278,144
4294967279,143
37,4
4294967279,142
37,3
37,2
37,1
4294967279,286
4294967294,436
4294967294,387
4294967294,397
4294967294,420
4294967294,178
4294967294,118
4294967294,190
4294967294,462
4294967294,461
4294967294,455
4294967294,184
4294967279,141
4294967278,356
4294967279,543
4294967278,355
4294967279,138
4294967279,542
4294967279,272
4294967279,25
4294967279,136
4294967279,285
4294967279,135
4294967279,133
36,5
4294967279,271
36,4
36,3
36,2
36,1
4294967279,270
4294967294,89
4294967294,528
4294967294,161
4294967294,1015
4294967294,998
4294967294,1091
4294967294,1003
4294967279,279
4294967279,280
4294967279,278
4294967294,1100
4294967279,277
4294967294,1094
4294967294,1420
4294967279,263
4294967279,14
4294967279,517
4294967279,276
34,6
4294967294,393
4294967279,12
4294967279,262
4294967279,516
4294967279,261
34,5
4294967279,258
34,4
4294967279,257
34,3
34,2
34,1
4294967279,274
4294967279,256
4294967294,120
4294967279,253
4294967278,354
4294967279,281
33,5
4294967278,257
33,4
4294967278,327
33,3
33,2
33,1
4294967278,256
4294967279,541
4294967278,353
4294967278,326
4294967278,352
4294967278,254
4294967278,322
4294967278,253
32,5
32,4
4294967278,250
32,3
32,2
32,1
4294967279,540
4294967278,249
4294967278,247
4294967278,240
4294967278,243
4294967278,241
31,5
4294967278,238
4294967278,237
31,4
31,3
31,2
31,1
4294967279,539
4294967279,538
4294967278,236
4294967278,234
4294967294,388
4294967294,115
4294967294,386
4294967278,232
4294967278,233
4294967278,230
4294967278,226
4294967278,224
4294967278,223
4294967294,468
4294967278,222
4294967294,99
4294967294,76
4294967294,1000
4294967294,185
4294967294,38
4294967294,36
4294967294,1175
4294967278,221
4294967278,219
4294967278,216
29,4
29,3
29,2
29,1
4294967278,214
0,7
4294967294,82
4294967278,351
4294967294,0
4294967294,408
4294967294,999
4294967294,396
4294967294,29
4294967294,412
4294967294,177
4294967294,406
4294967294,385
4294967294,414
4294967294,168
4294967294,405
4294967294,402
4294967294,1004
4294967294,451
4294967294,108
4294967294,1
4294967294,116
4294967294,466
4294967294,404
4294967294,112
4294967279,537
4294967278,350
4294967294,1418
4294967278,349
4294967278,348
4294967294,40
4294967294,39
4294967294,41
4294967294,37
4294967294,43
4294967294,423
4294967279,536
4294967278,320
4294967278,319
4294967294,426
4294967279,535
4294967278,347
4294967294,469
4294967294,53
4294967294,51
4294967294,1419
4294967294,392
4294967294,46
4294967294,389
